26
99
36
16
81
99
27
31
98
12
15
28
49
27
81
6
71
37
98
52
78
79
23
98
72
40
67
97
46
3
73
88
16
25
60
0
66
81
8
62
23
23
48
28
55
71
91
63
96
77
44
81
42
2
12
3
32
8
55
9
95
98
11
17
93
67
30
18
82
18
60
70
79
64
4
12
13
10
83
73
66
22
83
1
87
77
15
11
33
43
80
94
46
98
67
50
85
48
14
46
58
21
26
99
75
6
67
91
83
37
95
73
20
77
45
58
78
65
97
34
4
29
86
12
71
16
28
54
11
46
8
37
16
43
26
81
10
29
81
9
88
79
19
15
79
98
99
40
41
53
92
23
97
1
28
95
99
72
71
50
55
28
31
65
22
50
48
83
9
92
17
47
94
53
89
22
55
85
21
41
14
22
91
19
15
29
96
79
36
61
99
54
18
17
60
64
62
13
41
98
43
41
40
63
96
50
87
43
43
30
98
10
39
46
38
62
83
27
24
21
19
63
4
53
12
22
23
9
34
53
4
49
65
86
94
43
86
38
40
98
91
77
64
0
30
64
86
91
44
17
1
72
29
39
86
20
44
43
80
84
72
12
45
13
23
1
19
90
52
82
61
66
52
81
33
10
77
70
34
3
58
65
18
76
12
24
17
99
3
37
11
82
66
54
80
54
92
4
55
44
54
5
0
68
57
88
14
4
34
76
18
97
19
76
69
69
70
90
14
69
80
6
63
89
38
14
34
11
84
68
77
73
64
20
11
44
83
52
18
94
87
6
70
91
20
10
84
63
61
10
28
3
80
66
81
91
54
20
58
9
40
49
58
89
58
66
30
18
34
35
95
0
10
54
3
54
56
39
72
62
79
67
68
93
38
23
49
7
29
17
33
20
76
95
62
9
52
7
39
61
17
35
15
58
98
21
88
29
45
99
85
95
22
22
93
14
63
20
26
69
86
0
97
48
59
74
73
55
98
76
40
49
41
97
91
65
82
13
33
66
11
30
50
1
48
90
23
63
74
13
46
61
63
62
48
64
77
97
10
41
76
41
72
56
89
17
75
75
96
33
31
34
35
47
81
87
79
67
22
40
52
49
39
87
99
54
37
20
56
34
7
18
46
32
52
0
37
11
55
34
91
26
25
17
96
60
84
7
85
10
10
84
53
46
42
11
81
44
25
2
57
0
90
14
36
3
26
69
39
27
86
37
19
59
47
6
99
67
16
89
17
18
84
28
28
38
19
6
35
13
71
12
11
66
79
93
50
78
60
12
40
33
5
24
24
60
45
58
48
10
81
51
6
80
79
0
41
66
65
39
0
60
11
54
63
97
28
40
65
56
25
97
87
53
44
68
85
54
72
92
30
39
66
50
50
63
32
23
25
6
90
70
16
89
53
46
36
74
79
33
87
33
6
80
89
54
11
75
24
92
31
77
21
39
28
87
68
52
37
86
20
39
8
71
43
85
2
10
43
67
74
26
5
94
94
64
1
6
85
3
64
31
58
41
46
87
31
85
24
22
48
13
65
30
36
26
77
8
60
70
91
77
67
34
44
18
25
94
37
31
71
63
1
58
41
8
93
41
3
12
65
17
36
35
32
86
21
31
78
48
74
75
78
52
54
13
82
5
91
54
5
79
21
67
35
74
33
49
5
34
20
52
69
86
86
69
55
22
97
99
66
40
81
5
68
80
97
11
0
64
97
3
98
40
15
51
2
57
57
72
15
81
97
61
7
76
89
58
79
6
10
44
33
93
7
68
18
9
58
88
3
10
86
54
75
31
1
79
70
38
50
75
14
8
16
56
23
11
37
12
38
69
21
80
95
13
31
91
99
90
50
81
25
60
66
46
65
76
62
39
47
18
50
76
51
82
2
51
81
60
22
57
92
89
46
6
92
16
89
87
36
5
77
37
56
97
65
65
12
11
72
12
33
36
19
20
25
14
34
40
61
18
57
29
81
88
40
82
24
68
86
12
61
4
91
11
42
90
64
40
79
76
44
41
93
33
65
10
9
26
15
6
47
78
25
49
99
60
1
69
43
12
60
69
1
93
55
81
77
18
26
66
62
27
61
65
81
11
38
63
14
20
16
25
43
19
50
21
85
99
51
97
85
89
62
75
89
66
10
30
99
53
4
77
59
51
94
50
26
49
4
83
89
25
42
65
41
2
84
13
81
22
83
92
3
29
9
49
96
44
52
19
86
72
76
2
27
46
66
0
80
52
2
21
53
98
5
22
21
98
76
28
7
45
56
33
35
96
27
5
